{
  "advancedEditorSelectedIdentifier" : "ProjectBrowser",
  "openSceneRelativePaths" : [
    "Immersive.usda",
    "Scene.usda"
  ],
  "recentIdentifiers" : {

  },
  "sceneCameraHistory" : {
    "AF09ED6F-1707-48FD-8720-65B998362C09" : [
      {
        "date" : 733525073.774436,
        "title" : "Untitled",
        "transform" : [
          0.9992289,
          -2.0334354e-10,
          -0.03926416,
          0,
          0.006046081,
          0.9880733,
          0.153866,
          0,
          0.038795866,
          -0.15398474,
          0.98731136,
          0,
          -0.48742968,
          1.6275585,
          -0.7975395,
          1
        ]
      },
      {
        "date" : 733524984.815731,
        "title" : "Untitled",
        "transform" : [
          0.9992289,
          1.0972527e-08,
          -0.039264157,
          0,
          0.00604607,
          0.9880733,
          0.153866,
          0,
          0.038795866,
          -0.15398474,
          0.98731136,
          0,
          -0.48742968,
          1.6275585,
          -0.7975395,
          1
        ]
      },
      {
        "date" : 733524975.772119,
        "title" : "Untitled",
        "transform" : [
          0.9999996,
          7.726319e-12,
          0.000930786,
          0,
          0.0006581651,
          0.7071069,
          -0.7071065,
          0,
          -0.0006581652,
          0.70710677,
          0.7071066,
          0,
          -0.4419911,
          2.161907,
          -0.715986,
          1
        ]
      },
      {
        "date" : 733524973.407543,
        "title" : "Untitled",
        "transform" : [
          0.9999996,
          0,
          0.000930786,
          0,
          0.0006581651,
          0.7071069,
          -0.7071065,
          0,
          -0.0006581652,
          0.70710677,
          0.7071066,
          0,
          -0.4419911,
          2.161907,
          -0.715986,
          1
        ]
      },
      {
        "date" : 733524966.070066,
        "title" : "Untitled",
        "transform" : [
          0.9999996,
          0,
          0.000930786,
          0,
          0.0006581651,
          0.7071069,
          -0.7071065,
          0,
          -0.0006581652,
          0.70710677,
          0.7071066,
          0,
          -0.44229344,
          2.4867392,
          -0.3911538,
          1
        ]
      },
      {
        "date" : 733524963.881482,
        "title" : "Untitled",
        "transform" : [
          0.9999996,
          0,
          0.000930786,
          0,
          0.0006581651,
          0.7071069,
          -0.7071065,
          0,
          -0.0006581652,
          0.70710677,
          0.7071066,
          0,
          -0.4418716,
          2.0335257,
          -0.84436744,
          1
        ]
      },
      {
        "date" : 733524959.166399,
        "title" : "Untitled",
        "transform" : [
          0.9999996,
          0,
          0.000930786,
          0,
          0.0006581651,
          0.7071069,
          -0.7071065,
          0,
          -0.0006581652,
          0.70710677,
          0.7071066,
          0,
          -0.46528643,
          2.3603146,
          -0.9227921,
          1
        ]
      },
      {
        "date" : 733524950.753289,
        "title" : "Untitled",
        "transform" : [
          0.9999996,
          0,
          0.000930786,
          0,
          0.0006581651,
          0.7071069,
          -0.7071065,
          0,
          -0.0006581652,
          0.70710677,
          0.7071066,
          0,
          -0.4527713,
          2.5304396,
          -0.4908285,
          1
        ]
      },
      {
        "date" : 733524906.318569,
        "title" : "Untitled",
        "transform" : [
          1,
          0,
          0,
          0,
          0,
          0.7071069,
          -0.70710677,
          0,
          0,
          0.70710677,
          0.7071069,
          0,
          -0.5700735,
          3.2094424,
          0.4481392,
          1
        ]
      },
      {
        "date" : 733524898.180644,
        "title" : "Untitled",
        "transform" : [
          1,
          -0,
          0,
          0,
          0,
          0.7071069,
          -0.70710677,
          0,
          0,
          0.70710677,
          0.7071069,
          0,
          -0.5618173,
          3.0255284,
          0.63205266,
          1
        ]
      }
    ],
    "D66134B1-3681-4A8E-AFE5-29F257229F3B" : [
      {
        "date" : 733524095.266057,
        "title" : "Untitled",
        "transform" : [
          0.99999994,
          0,
          -0,
          0,
          -0,
          0.8660254,
          -0.49999988,
          0,
          0,
          0.49999988,
          0.8660254,
          0,
          0,
          0.19539659,
          0.33863682,
          1
        ]
      }
    ]
  },
  "selectedSceneRelativePath" : "Immersive.usda"
}